0 0.483065 0.538268 0.157373 0.251476
0 0.615035 0.582003 0.173482 0.264597
0 0.882693 0.602777 0.161090 0.236169
0 0.955597 0.344741 0.088806 0.166193
0 0.928955 0.147934 0.142090 0.201181
0 0.720983 0.895419 0.276332 0.209162
0 0.491119 0.870271 0.128872 0.259458
0 0.176993 0.806145 0.179678 0.363000
0 0.130318 0.641045 0.260636 0.172753
0 0.356671 0.597310 0.187113 0.168380
0 0.354812 0.303193 0.148699 0.144325
0 0.356671 0.449705 0.135068 0.096217
0 0.225940 0.492346 0.099133 0.076536
0 0.605122 0.322873 0.079306 0.205554
0 0.710450 0.326154 0.061958 0.111524
0 0.794093 0.268205 0.055762 0.109337
0 0.862247 0.187295 0.105328 0.087470
0 0.753201 0.609337 0.070632 0.275530
0 0.801528 0.469386 0.102850 0.109337