0 0.163362 0.491253 0.298637 0.139952
0 0.333746 0.526241 0.252788 0.201181
0 0.328790 0.718675 0.200743 0.301771
0 0.535109 0.834572 0.179678 0.297398
0 0.667699 0.590750 0.137546 0.251476
0 0.586534 0.384102 0.299876 0.279904
0 0.556175 0.475946 0.149938 0.209928
0 0.708591 0.806145 0.201983 0.262410
0 0.851714 0.556855 0.151177 0.096217
0 0.839323 0.185108 0.118959 0.148699
0 0.256919 0.257271 0.136307 0.104964
0 0.072697 0.316313 0.145394 0.249289
0 0.966749 0.173081 0.066501 0.216488
0 0.961793 0.433304 0.076414 0.155259
0 0.863486 0.830199 0.120198 0.148699
0 0.727798 0.695714 0.111524 0.115898