0 0.776745 0.717581 0.276332 0.198994
0 0.936390 0.539361 0.127220 0.214301
0 0.530772 0.495627 0.141264 0.196807
0 0.314539 0.522961 0.192069 0.430789
0 0.426064 0.888859 0.149938 0.222282
0 0.364725 0.793024 0.289963 0.293024
0 0.544403 0.158867 0.240397 0.179313
0 0.172656 0.083807 0.329616 0.167614
0 0.155927 0.642139 0.209418 0.188060
0 0.099339 0.897606 0.198678 0.204788
0 0.899835 0.942434 0.200330 0.115132
0 0.619992 0.623551 0.099133 0.094030
0 0.742668 0.206976 0.148699 0.096217
0 0.478108 0.327247 0.068154 0.113711
0 0.354812 0.198229 0.163569 0.174940
0 0.196819 0.469386 0.122677 0.135578
0 0.100785 0.235403 0.161090 0.218675