0 0.243907 0.480319 0.149938 0.223048
0 0.536968 0.490160 0.161090 0.474524
0 0.429161 0.653072 0.173482 0.358627
0 0.343040 0.444238 0.140025 0.137765
0 0.354812 0.814892 0.208178 0.223048
0 0.576621 0.701181 0.141264 0.188060
0 0.752582 0.813798 0.171004 0.356440
0 0.633622 0.910726 0.136307 0.178548
0 0.878976 0.915099 0.148699 0.169801
0 0.947542 0.653072 0.104915 0.424229
0 0.888889 0.726328 0.109046 0.295211
0 0.699917 0.297726 0.219331 0.150886
0 0.751342 0.399410 0.304833 0.118084
0 0.722842 0.486880 0.235440 0.135578
0 0.753201 0.571069 0.140025 0.094030
0 0.627427 0.580910 0.099133 0.078723
0 0.793474 0.096545 0.089219 0.190247
0 0.080132 0.227750 0.160264 0.194621
0 0.096241 0.821452 0.192482 0.266783
0 0.158406 0.460639 0.167286 0.118084
0 0.481206 0.926033 0.121437 0.147934