0 0.162123 0.214629 0.115242 0.172753
0 0.332507 0.586377 0.213135 0.137765
0 0.451466 0.736169 0.118959 0.258036
0 0.859149 0.519681 0.240397 0.174940
0 0.862247 0.393943 0.149938 0.172753
0 0.945064 0.279138 0.109872 0.118084
0 0.620611 0.299913 0.090458 0.159633
0 0.716026 0.458452 0.097893 0.131205
0 0.488021 0.335994 0.105328 0.087470
0 0.540066 0.572163 0.130112 0.113711
0 0.637340 0.603871 0.131351 0.111524
0 0.562371 0.792642 0.142503 0.414716
0 0.792235 0.778810 0.285006 0.255850
0 0.842214 0.889952 0.315572 0.220096
0 0.941966 0.783184 0.116068 0.229609
0 0.086948 0.845124 0.173895 0.309752
0 0.261256 0.803958 0.214374 0.371747
0 0.387030 0.868467 0.118959 0.177127
0 0.465097 0.910726 0.071871 0.178548