1 0.827757 0.360048 0.037175 0.048108
1 0.785626 0.454078 0.047088 0.052482
1 0.719950 0.352394 0.024783 0.041548
1 0.978315 0.182921 0.030979 0.074349
1 0.973978 0.332714 0.052044 0.037175
1 0.975217 0.377542 0.039653 0.039361
1 0.956629 0.540455 0.037175 0.054669
1 0.934944 0.584190 0.063197 0.028428
1 0.835192 0.509840 0.032218 0.045922
1 0.882280 0.513120 0.019827 0.030614
1 0.909542 0.445331 0.022305 0.030614
0 0.095415 0.504373 0.024783 0.043735
0 0.563817 0.639952 0.044610 0.074349
0 0.599752 0.760223 0.052045 0.104964
0 0.679058 0.905642 0.076828 0.159633
0 0.374845 0.714301 0.053284 0.109337
0 0.154275 0.404876 0.028501 0.032801
0 0.138166 0.445331 0.026022 0.034988
0 0.022305 0.682593 0.029740 0.059042