0 0.056382 0.491253 0.033457 0.056855
0 0.105328 0.434398 0.019827 0.039361
0 0.125155 0.393943 0.029740 0.054669
0 0.293680 0.715395 0.054523 0.133392
0 0.560099 0.940630 0.066914 0.111524
1 0.714374 0.221190 0.040892 0.059042
1 0.935564 0.145747 0.071871 0.096217
1 0.926270 0.318500 0.045849 0.061229
1 0.732342 0.440958 0.034696 0.052482
1 0.912020 0.524054 0.052045 0.074349
1 0.892813 0.573256 0.038414 0.019681
1 0.971499 0.503280 0.027261 0.045922
1 0.980793 0.855347 0.038414 0.076536
1 0.751549 0.357861 0.021066 0.043735
1 0.708798 0.331620 0.027261 0.052482
1 0.800496 0.350208 0.029740 0.041548
1 0.799257 0.506560 0.032218 0.052482