1 0.863073 0.103105 0.068154 0.080910
1 0.874845 0.319593 0.061958 0.054669
1 0.848823 0.532801 0.049566 0.052482
1 0.848823 0.583096 0.034696 0.052482
1 0.979554 0.610431 0.040892 0.089657
1 0.811648 0.748196 0.044610 0.059042
1 0.662330 0.196042 0.040892 0.052482
1 0.643123 0.341461 0.034696 0.050295
1 0.601611 0.319593 0.018587 0.024054
1 0.613383 0.355675 0.024783 0.026241
1 0.566914 0.428931 0.023544 0.059042
1 0.754647 0.623551 0.054523 0.045922
1 0.941140 0.875027 0.030979 0.050295
1 0.784387 0.377542 0.059480 0.065602
0 0.175960 0.721955 0.057001 0.129018
0 0.426890 0.643232 0.055762 0.098404