0 0.107807 0.728515 0.054523 0.133392
1 0.815366 0.107479 0.076828 0.076536
1 0.846964 0.309753 0.045849 0.043735
1 0.937423 0.603871 0.092937 0.094030
1 0.827757 0.528428 0.039653 0.039361
1 0.820942 0.579816 0.048327 0.041548
1 0.748451 0.607151 0.044610 0.069976
1 0.731722 0.506560 0.023544 0.052482
1 0.754027 0.370982 0.055762 0.056855
1 0.627633 0.204789 0.048327 0.043735
1 0.613383 0.330527 0.024783 0.045922
1 0.582404 0.344741 0.027261 0.043735
1 0.498761 0.338181 0.021066 0.048108
1 0.548947 0.414717 0.034696 0.052482
1 0.570012 0.606057 0.039653 0.041548
1 0.768897 0.753663 0.073110 0.074349