1 0.481413 0.072491 0.053284 0.102777
1 0.474597 0.318500 0.029740 0.109337
1 0.451673 0.317407 0.033457 0.072163
1 0.436803 0.420184 0.063197 0.045922
1 0.499380 0.571069 0.069393 0.080910
1 0.496283 0.752569 0.083024 0.124645
1 0.420694 0.449705 0.011152 0.043735
1 0.440520 0.498907 0.035936 0.037175
1 0.588600 0.473759 0.039653 0.048108
1 0.631970 0.503280 0.066914 0.041548
1 0.640025 0.555762 0.023544 0.059042
1 0.642503 0.614804 0.021066 0.032801
1 0.780050 0.489066 0.073110 0.069976
1 0.954771 0.370982 0.078067 0.118084
1 0.966543 0.212443 0.066914 0.150886
1 0.849442 0.069211 0.050805 0.087470
1 0.942379 0.813798 0.090458 0.120271
1 0.957869 0.950087 0.074349 0.099825
1 0.744114 0.712115 0.043371 0.061229
1 0.740397 0.348021 0.030979 0.041548
1 0.585502 0.318500 0.026022 0.034988
1 0.525403 0.356768 0.022305 0.050295
1 0.565056 0.330527 0.022305 0.041548
1 0.611524 0.397223 0.021066 0.052482
1 0.522305 0.454078 0.016109 0.030614
1 0.505576 0.416904 0.027261 0.030614
1 0.434944 0.171988 0.024783 0.065602