1 0.425031 0.586377 0.091698 0.094030
1 0.439901 0.732889 0.074349 0.063416
1 0.403346 0.417997 0.050805 0.067789
1 0.413259 0.052099 0.063197 0.104198
1 0.796159 0.042259 0.070632 0.084518
1 0.918216 0.180735 0.104089 0.135578
1 0.886617 0.369888 0.087980 0.115898
1 0.879802 0.832386 0.084263 0.065602
1 0.892193 0.959928 0.096654 0.080144
1 0.607187 0.500000 0.037175 0.065602
1 0.558860 0.472666 0.034696 0.050295
1 0.560099 0.308660 0.032218 0.041548
1 0.724907 0.478133 0.049566 0.056855
1 0.508055 0.448611 0.019827 0.028428
1 0.502478 0.340367 0.021066 0.043735
1 0.490706 0.415810 0.029740 0.037175
1 0.508674 0.482506 0.018587 0.030614
1 0.551425 0.514214 0.034696 0.028428
1 0.604089 0.557949 0.050805 0.050295
1 0.721809 0.716488 0.033457 0.061229