1 0.334572 0.587470 0.096654 0.126831
1 0.356877 0.421277 0.066914 0.074349
1 0.377943 0.338181 0.049566 0.052482
1 0.358116 0.058277 0.071871 0.100590
1 0.824040 0.198229 0.094176 0.148699
1 0.805452 0.384102 0.091698 0.118084
1 0.577447 0.500000 0.047088 0.069976
1 0.650558 0.275858 0.059480 0.054669
1 0.732342 0.068117 0.059480 0.059042
1 0.661710 0.346928 0.037175 0.048108
1 0.671623 0.399410 0.027261 0.039361
1 0.788724 0.861907 0.100372 0.085283
1 0.807311 0.967581 0.078067 0.064837
1 0.578067 0.565602 0.050805 0.048108
1 0.495043 0.349114 0.026022 0.052482
1 0.951053 0.142467 0.038414 0.063416
1 0.957249 0.052810 0.050805 0.067789
1 0.980793 0.137000 0.033457 0.065602