1 0.296159 0.083424 0.079306 0.089657
1 0.246592 0.589657 0.099133 0.122458
1 0.695167 0.219003 0.114002 0.085283
1 0.698265 0.415810 0.078067 0.142139
1 0.590458 0.287885 0.045849 0.078723
1 0.651797 0.077958 0.047088 0.061229
1 0.361214 0.115132 0.035936 0.056855
1 0.340768 0.361141 0.042131 0.032801
1 0.333333 0.430024 0.052045 0.048108
1 0.683395 0.868467 0.085502 0.111524
1 0.337670 0.744916 0.043371 0.074349
1 0.535316 0.521867 0.037175 0.043735
1 0.526022 0.478133 0.060719 0.065602
1 0.619579 0.543735 0.057001 0.083096
1 0.711276 0.973048 0.076828 0.053903
1 0.903346 0.155587 0.034696 0.063416
1 0.924411 0.053903 0.047088 0.061229
1 0.958488 0.132626 0.045849 0.074349
1 0.807311 0.435491 0.043371 0.063416
1 0.774473 0.375355 0.032218 0.043735
1 0.753408 0.337087 0.032218 0.024054
1 0.825279 0.315220 0.027261 0.063416
1 0.764560 0.770063 0.047088 0.050295