1 0.256506 0.102012 0.069393 0.074349
1 0.197646 0.602777 0.075589 0.126831
1 0.605948 0.249617 0.104089 0.129018
1 0.599133 0.415810 0.053284 0.129018
1 0.545229 0.540455 0.057001 0.080910
1 0.594796 0.871747 0.066914 0.118084
1 0.631970 0.966488 0.061958 0.067024
1 0.972739 0.397223 0.054522 0.096217
1 0.859356 0.167614 0.030979 0.065602
1 0.928748 0.143560 0.045849 0.078723
1 0.987608 0.161054 0.024783 0.096217
1 0.980173 0.037885 0.039653 0.075770
1 0.593556 0.085611 0.064436 0.072163
1 0.353779 0.115132 0.060719 0.039361
1 0.314126 0.433304 0.043371 0.050295
1 0.390954 0.489066 0.033457 0.034988