1 0.141264 0.603871 0.101611 0.129018
1 0.535316 0.246337 0.096654 0.109337
1 0.542751 0.410343 0.064436 0.118084
1 0.537794 0.867374 0.076828 0.118084
1 0.938042 0.397223 0.054523 0.083096
1 0.925031 0.329434 0.043371 0.048108
1 0.833333 0.170894 0.035936 0.067789
1 0.963445 0.147934 0.053284 0.087470
1 0.900867 0.131533 0.049566 0.067789
1 0.954771 0.029138 0.075589 0.058276
1 0.986369 0.314126 0.027261 0.078723
1 0.554523 0.086705 0.065675 0.069976
1 0.204461 0.095452 0.061958 0.091843
1 0.288104 0.434398 0.053284 0.065602
1 0.327757 0.099825 0.038414 0.065602
1 0.354399 0.338181 0.022305 0.048108
1 0.361834 0.422370 0.027261 0.041548
1 0.351921 0.507654 0.027261 0.037175
1 0.388476 0.493440 0.043371 0.043735
1 0.508055 0.532801 0.071871 0.052482
1 0.493804 0.577630 0.028501 0.059042