1 0.154275 0.082331 0.063197 0.096217
1 0.061958 0.610431 0.086741 0.146512
1 0.434325 0.225563 0.090458 0.150886
1 0.494424 0.072491 0.064436 0.076536
1 0.249071 0.416904 0.049566 0.065602
1 0.447955 0.395036 0.070632 0.109337
1 0.495663 0.297726 0.059480 0.080910
1 0.433705 0.857533 0.081784 0.146512
1 0.781289 0.156681 0.048327 0.043735
1 0.899628 0.130440 0.044610 0.065602
1 0.878563 0.383009 0.054523 0.080910
1 0.954771 0.306473 0.055762 0.041548
1 0.891574 0.019298 0.065675 0.038596
1 0.296778 0.105292 0.040892 0.080910