1 0.330855 0.227750 0.104089 0.155259
1 0.065675 0.084518 0.081784 0.091843
1 0.162949 0.349114 0.045849 0.078723
1 0.208798 0.442051 0.063197 0.059042
1 0.363693 0.883774 0.068154 0.094030
1 0.837670 0.377542 0.061958 0.083096
1 0.855638 0.130440 0.063197 0.061229
1 0.771375 0.051717 0.040892 0.034988
1 0.754647 0.132626 0.044610 0.065602
1 0.426270 0.051717 0.069393 0.087470
1 0.426270 0.291166 0.066914 0.072163
1 0.691450 0.419090 0.034696 0.069976
1 0.611524 0.348021 0.038414 0.045922
1 0.563817 0.326154 0.024783 0.041548
1 0.725527 0.641045 0.045849 0.080910
1 0.255886 0.098732 0.040892 0.059042