1 0.031599 0.076864 0.063197 0.085283
1 0.244734 0.215723 0.102850 0.135578
1 0.120198 0.348021 0.061958 0.080910
1 0.286865 0.387382 0.055762 0.094030
1 0.377943 0.052810 0.054523 0.067789
1 0.814126 0.123879 0.069393 0.065602
1 0.744734 0.039689 0.059480 0.059042
1 0.718092 0.144653 0.065675 0.089657
1 0.785006 0.381916 0.048327 0.074349
1 0.673482 0.416904 0.045849 0.074349
1 0.563817 0.337087 0.059480 0.050295
1 0.570632 0.403783 0.035936 0.039361
1 0.687732 0.632298 0.059480 0.080910
1 0.280669 0.889241 0.063197 0.096217
1 0.970260 0.041166 0.059480 0.082331
1 0.988228 0.118412 0.023544 0.072163
1 0.395291 0.299913 0.069393 0.085283