1 0.140644 0.260551 0.107807 0.146512
1 0.298017 0.096545 0.053284 0.085283
1 0.010533 0.107479 0.021066 0.067789
1 0.080545 0.378635 0.076828 0.067789
1 0.190211 0.892521 0.078067 0.102777
1 0.361834 0.326154 0.064436 0.076536
1 0.710037 0.403783 0.049566 0.074349
1 0.616481 0.445331 0.030979 0.052482
1 0.706939 0.491253 0.028501 0.074349
1 0.629492 0.673846 0.044610 0.076536
1 0.756506 0.651979 0.058240 0.076536
1 0.842627 0.594030 0.047088 0.083096
1 0.974597 0.660726 0.050805 0.076536
1 0.855019 0.085611 0.076828 0.115898
1 0.927509 0.142467 0.070632 0.067789
1 0.765799 0.128253 0.032218 0.074349
1 0.726146 0.159961 0.052045 0.067789
1 0.667286 0.067024 0.043371 0.048108
1 0.710657 0.023672 0.065675 0.047343
1 0.657993 0.166521 0.044610 0.045922
1 0.528501 0.344741 0.033457 0.039361
1 0.377323 0.412530 0.021066 0.039361
1 0.291202 0.561229 0.064436 0.056855