1 0.224638 0.125959 0.057312 0.083701
1 0.048584 0.292490 0.097167 0.123808
1 0.310606 0.329110 0.051383 0.071495
1 0.340250 0.431993 0.027668 0.047082
1 0.382246 0.350907 0.046443 0.073239
1 0.584816 0.192223 0.030632 0.052313
1 0.640151 0.183504 0.058300 0.090677
1 0.612484 0.098059 0.034585 0.048826
1 0.618906 0.039642 0.059289 0.068007
1 0.715250 0.125959 0.083992 0.125552
1 0.831357 0.160835 0.057312 0.076726
1 0.937582 0.231458 0.038538 0.054057
1 0.875823 0.378807 0.039526 0.041851
1 0.816535 0.353522 0.027668 0.029644
1 0.822958 0.386654 0.018775 0.033132
1 0.770092 0.350035 0.025692 0.054057
1 0.617918 0.420658 0.049407 0.087189
1 0.568511 0.456405 0.037549 0.050570
1 0.603590 0.499128 0.032609 0.066264
1 0.657444 0.634271 0.057312 0.092420
1 0.583333 0.671762 0.043478 0.059289
1 0.985343 0.465124 0.029314 0.033132
1 0.927207 0.527900 0.031621 0.029644
1 0.989295 0.592420 0.021410 0.036619
1 0.099638 0.882760 0.074111 0.097652
1 0.350132 0.514822 0.029644 0.045338
1 0.316041 0.553185 0.048419 0.045338
1 0.298748 0.506975 0.019763 0.026157
1 0.322464 0.500000 0.021739 0.047082
1 0.162879 0.136422 0.040514 0.062776
1 0.143116 0.234073 0.042490 0.059289