1 0.562088 0.066671 0.062253 0.111602
1 0.632246 0.128575 0.076087 0.116833
1 0.671278 0.167810 0.045455 0.062776
1 0.772068 0.169554 0.049407 0.066264
1 0.898057 0.232330 0.048419 0.066264
1 0.988307 0.182632 0.023386 0.078470
1 0.917325 0.324750 0.033597 0.038363
1 0.784914 0.360498 0.033597 0.040107
1 0.839756 0.373576 0.032609 0.055801
1 0.716238 0.343932 0.044466 0.066264
1 0.707345 0.379679 0.026680 0.050570
1 0.561100 0.423274 0.036561 0.081958
1 0.505270 0.366601 0.041502 0.066264
1 0.539855 0.186991 0.031621 0.059289
1 0.576910 0.193095 0.046443 0.085445
1 0.173254 0.145141 0.047431 0.069751
1 0.131258 0.146884 0.034585 0.062776
1 0.270586 0.338700 0.038538 0.069751
1 0.288373 0.552313 0.040514 0.043595
1 0.285902 0.500000 0.029644 0.050570
1 0.329875 0.514822 0.026680 0.038363
1 0.314559 0.435480 0.031621 0.033132
1 0.363472 0.367473 0.020751 0.040107
1 0.355072 0.338700 0.017787 0.034876
1 0.315053 0.364857 0.024704 0.034876
1 0.032279 0.882760 0.064558 0.115090
1 0.541831 0.668275 0.047431 0.073239
1 0.855567 0.712741 0.028656 0.050570
1 0.963768 0.593292 0.041502 0.062776
1 0.904974 0.525285 0.034585 0.052313
1 0.823946 0.642990 0.046443 0.057545
1 0.601120 0.645606 0.039526 0.055801
1 0.056159 0.453790 0.060277 0.090677
1 0.016469 0.383167 0.032938 0.064520