1 0.498847 0.176529 0.036561 0.052313
1 0.303689 0.514822 0.029644 0.034876
1 0.248847 0.542723 0.034585 0.038363
1 0.261693 0.585445 0.036561 0.057545
1 0.479578 0.353522 0.035573 0.064520
1 0.507740 0.413683 0.038538 0.083701
1 0.526021 0.166938 0.033597 0.071495
1 0.548748 0.091955 0.088933 0.134271
1 0.643610 0.145141 0.037549 0.062776
1 0.725132 0.136422 0.048419 0.076726
1 0.684124 0.329981 0.039526 0.045338
1 0.776515 0.336957 0.032609 0.038363
1 0.643610 0.239305 0.017787 0.027900
1 0.672266 0.353522 0.019763 0.033132
1 0.875329 0.223611 0.034585 0.045338
1 0.969697 0.146884 0.045455 0.055801
1 0.933630 0.322134 0.028656 0.043595
1 0.903985 0.298593 0.022727 0.045338
1 0.875823 0.455534 0.023715 0.038363
1 0.939065 0.583701 0.039526 0.054057
1 0.885705 0.513950 0.019763 0.047082
1 0.794302 0.630784 0.054348 0.092420
1 0.576910 0.588061 0.032609 0.031388
1 0.554677 0.644734 0.041502 0.047082
1 0.501318 0.665659 0.037549 0.068007
1 0.336792 0.363113 0.022727 0.027900
1 0.335804 0.330853 0.012846 0.022669
1 0.281456 0.428505 0.026680 0.040107
1 0.291831 0.335213 0.029644 0.055801
1 0.229084 0.321262 0.044466 0.069751
1 0.185112 0.366601 0.021739 0.020925
1 0.228590 0.429377 0.025692 0.034876
1 0.226120 0.487794 0.030632 0.026157
1 0.178689 0.524413 0.030632 0.061032
1 0.106061 0.114625 0.041502 0.064520