1 0.308136 0.344804 0.016798 0.047082
1 0.234519 0.425017 0.029644 0.040107
1 0.194993 0.431121 0.023715 0.031388
1 0.193017 0.478203 0.017787 0.024413
1 0.198452 0.538363 0.044466 0.057545
1 0.228590 0.490409 0.029644 0.052313
1 0.259717 0.507847 0.026680 0.045338
1 0.161891 0.309056 0.052372 0.052313
1 0.015481 0.098930 0.030962 0.064520
1 0.026350 0.547082 0.052700 0.074983
1 0.421772 0.390142 0.042490 0.085445
1 0.462286 0.365729 0.024704 0.047082
1 0.432148 0.070158 0.081028 0.125552
1 0.479084 0.049233 0.046443 0.055801
1 0.589756 0.130319 0.050395 0.064520
1 0.444005 0.154731 0.049407 0.092420
1 0.655962 0.119856 0.056324 0.078470
1 0.626812 0.316031 0.041502 0.052313
1 0.846179 0.203557 0.043478 0.047082
1 0.928689 0.145141 0.036561 0.059289
1 0.864954 0.302953 0.033597 0.054057
1 0.901515 0.310800 0.021739 0.041851
1 0.984354 0.534004 0.031291 0.048826
1 0.852108 0.504359 0.031621 0.045338
1 0.901021 0.581086 0.048419 0.073239
1 0.900527 0.791211 0.041502 0.064520
1 0.882740 0.842653 0.037549 0.059289
1 0.728096 0.648221 0.064229 0.078470
1 0.466733 0.638631 0.047431 0.059289
1 0.432642 0.493897 0.040514 0.069751
1 0.470191 0.445943 0.022727 0.033132
1 0.545784 0.348291 0.015810 0.022669
1 0.991271 0.216636 0.017457 0.034876