1 0.331357 0.048157 0.077075 0.096314
1 0.421278 0.048361 0.035573 0.064520
1 0.385705 0.145141 0.049407 0.073239
1 0.561594 0.117240 0.047431 0.055801
1 0.610013 0.103290 0.041502 0.080214
1 0.819993 0.188735 0.044466 0.062776
1 0.721179 0.204429 0.018775 0.024413
1 0.887681 0.299465 0.035573 0.047082
1 0.835310 0.289874 0.041502 0.048826
1 0.967227 0.197454 0.040514 0.052313
1 0.108531 0.318647 0.052372 0.074983
1 0.288373 0.347419 0.038538 0.052313
1 0.363966 0.395373 0.039526 0.064520
1 0.358037 0.494769 0.045455 0.074983
1 0.439065 0.438096 0.051383 0.055801
1 0.588274 0.314287 0.041502 0.055801
1 0.438076 0.357882 0.043478 0.052313
1 0.618906 0.517438 0.047431 0.078470
1 0.836298 0.503488 0.043478 0.033132
1 0.868412 0.578470 0.044466 0.068007
1 0.968215 0.520053 0.044466 0.041851
1 0.870883 0.798186 0.051383 0.081958
1 0.849144 0.844397 0.057312 0.055801
1 0.677701 0.641246 0.046443 0.068007
1 0.751318 0.734538 0.037549 0.066264
1 0.602602 0.600267 0.048419 0.062776
1 0.201416 0.420658 0.028656 0.052313
1 0.197958 0.493025 0.039526 0.057545
1 0.166831 0.541851 0.044466 0.061032
1 0.112978 0.528772 0.023715 0.038363
1 0.407444 0.670890 0.045455 0.081958