1 0.364460 0.049233 0.052372 0.048826
1 0.318511 0.149500 0.039526 0.071495
1 0.209816 0.057748 0.090909 0.115496
1 0.272068 0.008922 0.053360 0.017844
1 0.516634 0.111137 0.076087 0.081958
1 0.851120 0.113753 0.055336 0.052313
1 0.786397 0.186120 0.044466 0.061032
1 0.800725 0.283771 0.037549 0.061032
1 0.917325 0.153860 0.043478 0.062776
1 0.939065 0.191351 0.051383 0.047082
1 0.931653 0.514822 0.044466 0.055801
1 0.828393 0.573239 0.059289 0.068007
1 0.819993 0.500872 0.034585 0.034876
1 0.812582 0.424146 0.035573 0.038363
1 0.739460 0.356138 0.031621 0.041851
1 0.696970 0.319519 0.037549 0.045338
1 0.646080 0.289874 0.028656 0.027900
1 0.694499 0.414555 0.034585 0.061032
1 0.686100 0.461637 0.023715 0.033132
1 0.541337 0.515694 0.064229 0.068007
1 0.545784 0.597652 0.047431 0.064520
1 0.502800 0.685713 0.044466 0.041851
1 0.583827 0.650837 0.030632 0.066264
1 0.827899 0.792955 0.050395 0.047082
1 0.988307 0.873169 0.023386 0.074983
1 0.272563 0.391886 0.038538 0.054057
1 0.270586 0.336957 0.036561 0.055801
1 0.279480 0.484306 0.042490 0.061032
1 0.280468 0.532260 0.018775 0.034876
1 0.170290 0.424146 0.035573 0.045338
1 0.203393 0.343060 0.032609 0.054057