1 0.194499 0.476459 0.054348 0.080214
1 0.201416 0.396245 0.072134 0.087189
1 0.174242 0.333469 0.031621 0.059289
1 0.056159 0.054261 0.083992 0.108521
1 0.165349 0.015026 0.041502 0.030051
1 0.214756 0.136422 0.045455 0.073239
1 0.257246 0.146884 0.035573 0.073239
1 0.290349 0.038770 0.034585 0.055801
1 0.433630 0.102418 0.068182 0.068007
1 0.735013 0.178272 0.042490 0.041851
1 0.798748 0.092827 0.043478 0.066264
1 0.861001 0.134678 0.033597 0.059289
1 0.899045 0.169554 0.048419 0.073239
1 0.989295 0.110265 0.021410 0.090677
1 0.978426 0.022873 0.043148 0.045745
1 0.761199 0.267205 0.043478 0.031388
1 0.899045 0.508719 0.044466 0.043595
1 0.775033 0.554057 0.039526 0.064520
1 0.706851 0.690072 0.053360 0.061032
1 0.705369 0.524413 0.032609 0.043595
1 0.519598 0.635143 0.070158 0.090677
1 0.483037 0.577598 0.042490 0.073239
1 0.443017 0.509591 0.051383 0.090677
1 0.304677 0.647349 0.059289 0.073239
1 0.097167 0.535748 0.041502 0.059289
1 0.132246 0.421530 0.026680 0.033132
1 0.129776 0.486922 0.039526 0.062776
1 0.943017 0.874913 0.079051 0.106371
1 0.971673 0.536619 0.041502 0.071495
1 0.976614 0.439840 0.023715 0.027900
1 0.984354 0.620321 0.031291 0.040107
1 0.464262 0.287259 0.042490 0.057545