1 0.372365 0.499128 0.062253 0.069751
1 0.442029 0.615961 0.065217 0.069751
1 0.408432 0.670019 0.053360 0.048826
1 0.295290 0.571495 0.040514 0.050570
1 0.250329 0.636887 0.063241 0.059289
1 0.099144 0.364857 0.039526 0.066264
1 0.129282 0.116368 0.078063 0.068007
1 0.233037 0.035079 0.042490 0.070158
1 0.018610 0.301209 0.036561 0.050570
1 0.053195 0.346547 0.034585 0.047082
1 0.046278 0.524413 0.046443 0.078470
1 0.093215 0.475587 0.025692 0.068007
1 0.406456 0.282899 0.037549 0.069751
1 0.342227 0.335213 0.023715 0.034876
1 0.706357 0.157347 0.036561 0.045338
1 0.756752 0.078877 0.040514 0.059289
1 0.807642 0.119856 0.049407 0.078470
1 0.872859 0.149500 0.045455 0.061032
1 0.946970 0.100674 0.071146 0.102883
1 0.934618 0.014154 0.060277 0.028307
1 0.955863 0.372704 0.049407 0.057545
1 0.991271 0.373576 0.017457 0.052313
1 0.947958 0.534876 0.077075 0.085445
1 0.871871 0.505231 0.035573 0.040107
1 0.864954 0.873169 0.077075 0.088933
1 0.678689 0.676994 0.034585 0.062776
1 0.658926 0.723204 0.038538 0.043595
1 0.731555 0.552313 0.031621 0.040107
1 0.677701 0.523541 0.034585 0.048826
1 0.647563 0.312544 0.029644 0.052313
1 0.726614 0.252383 0.045455 0.064520
1 0.598650 0.317775 0.022727 0.027900
1 0.668314 0.401476 0.015810 0.031388