1 0.294302 0.509591 0.066206 0.083701
1 0.250329 0.412811 0.047431 0.064520
1 0.237484 0.581086 0.043478 0.045338
1 0.031456 0.102418 0.052372 0.088933
1 0.344203 0.270693 0.047431 0.059289
1 0.352108 0.352651 0.037549 0.045338
1 0.362978 0.577598 0.045455 0.055801
1 0.356555 0.628168 0.034585 0.083701
1 0.355567 0.690944 0.032609 0.069751
1 0.322958 0.395373 0.016798 0.033132
1 0.443017 0.513078 0.029644 0.041851
1 0.428195 0.416299 0.029644 0.047082
1 0.629776 0.736282 0.037549 0.041851
1 0.637681 0.685713 0.033597 0.045338
1 0.803689 0.901941 0.069170 0.083701
1 0.667325 0.155603 0.035573 0.052313
1 0.694499 0.248024 0.046443 0.059289
1 0.646080 0.337828 0.024704 0.043595
1 0.679183 0.341316 0.021739 0.026157
1 0.678195 0.294234 0.017787 0.029644
1 0.647563 0.516566 0.029644 0.048826
1 0.683136 0.551442 0.037549 0.055801
1 0.743412 0.483434 0.023715 0.052313
1 0.839262 0.506103 0.029644 0.038363
1 0.893116 0.540979 0.074111 0.094164
1 0.923748 0.372704 0.044466 0.054057
1 0.969697 0.382295 0.013834 0.038363
1 0.901021 0.444199 0.044466 0.047082
1 0.978426 0.458149 0.043148 0.054057
1 0.836298 0.159963 0.043478 0.047082
1 0.882740 0.089340 0.088933 0.101139
1 0.858531 0.011538 0.034585 0.023076
1 0.705863 0.072774 0.041502 0.078470
1 0.752800 0.117240 0.046443 0.066264