1 0.210310 0.449430 0.042490 0.054057
1 0.213768 0.537491 0.055336 0.062776
1 0.201416 0.609858 0.042490 0.047082
1 0.140151 0.679609 0.062253 0.064520
1 0.104578 0.625552 0.044466 0.054057
1 0.082345 0.499128 0.031621 0.062776
1 0.069499 0.349163 0.021739 0.027900
1 0.312088 0.101546 0.036561 0.055801
1 0.310606 0.598524 0.055336 0.059289
1 0.279974 0.663043 0.055336 0.083701
1 0.323452 0.698791 0.041502 0.074983
1 0.435112 0.491281 0.033597 0.047082
1 0.621871 0.175657 0.033597 0.047082
1 0.653491 0.093699 0.047431 0.078470
1 0.700428 0.123343 0.054348 0.057545
1 0.648551 0.262846 0.047431 0.064520
1 0.614954 0.342188 0.035573 0.062776
1 0.586792 0.309928 0.026680 0.043595
1 0.611001 0.529644 0.023715 0.040107
1 0.591238 0.761567 0.031621 0.050570
1 0.608037 0.704022 0.037549 0.054057
1 0.726120 0.916764 0.068182 0.085445
1 0.802701 0.563648 0.081028 0.087189
1 0.852108 0.549698 0.043478 0.059289
1 0.925231 0.472100 0.055336 0.071495
1 0.887187 0.382295 0.050395 0.052313
1 0.790843 0.121600 0.086957 0.085445
1 0.780962 0.022001 0.071146 0.044001
1 0.875823 0.083236 0.035573 0.061032
1 0.799736 0.167810 0.029644 0.048826
1 0.978590 0.259358 0.027668 0.057545
1 0.863472 0.452918 0.038538 0.043595
1 0.635211 0.580214 0.032609 0.047082