1 0.123353 0.530516 0.060277 0.069751
1 0.077899 0.675250 0.070158 0.073239
1 0.156950 0.610730 0.036561 0.069751
1 0.190547 0.660428 0.058300 0.085445
1 0.094203 0.114625 0.053360 0.064520
1 0.212286 0.309056 0.042490 0.059289
1 0.157938 0.448558 0.054348 0.038363
1 0.398057 0.478203 0.026680 0.038363
1 0.558136 0.171297 0.038538 0.041851
1 0.574934 0.091083 0.036561 0.062776
1 0.610013 0.140781 0.021739 0.095908
1 0.652009 0.113753 0.087945 0.101139
1 0.652009 0.022001 0.066206 0.044001
1 0.684618 0.497384 0.032609 0.038363
1 0.678689 0.568007 0.052372 0.113346
1 0.617918 0.910660 0.073123 0.097652
1 0.790843 0.452046 0.035573 0.059289
1 0.741436 0.516566 0.031621 0.055801
1 0.783432 0.560160 0.038538 0.062776
1 0.862978 0.720588 0.037549 0.055801
1 0.941041 0.636887 0.059289 0.083701
1 0.950428 0.509591 0.056324 0.108114
1 0.877306 0.264590 0.044466 0.057545
1 0.840744 0.476459 0.036561 0.045338
1 0.851614 0.175657 0.026680 0.040107
1 0.722661 0.169554 0.021739 0.038363
1 0.804677 0.074518 0.035573 0.047082
1 0.956851 0.053592 0.067194 0.085445
1 0.526021 0.341316 0.019763 0.022669