1 0.198946 0.117240 0.041502 0.066264
1 0.142622 0.307312 0.059289 0.062776
1 0.111495 0.350907 0.040514 0.059289
1 0.111495 0.437224 0.042490 0.054057
1 0.041337 0.529644 0.054348 0.068007
1 0.024868 0.112009 0.049736 0.069751
1 0.006588 0.368345 0.013175 0.038363
1 0.024868 0.656068 0.049736 0.076726
1 0.099144 0.629912 0.063241 0.069751
1 0.105072 0.586317 0.051383 0.059289
1 0.566535 0.540979 0.073123 0.090677
1 0.496377 0.557545 0.037549 0.068007
1 0.333827 0.324750 0.026680 0.041851
1 0.340744 0.279412 0.020751 0.020925
1 0.207839 0.359626 0.015810 0.034876
1 0.240942 0.411939 0.024704 0.027900
1 0.188570 0.320391 0.008893 0.015694
1 0.326910 0.382295 0.022727 0.031388
1 0.523057 0.118984 0.065217 0.094164
1 0.545784 0.028976 0.067194 0.057952
1 0.730072 0.078005 0.036561 0.047082
1 0.682148 0.163450 0.047431 0.054057
1 0.765151 0.165194 0.031621 0.033132
1 0.794302 0.254999 0.044466 0.076726
1 0.640646 0.483434 0.029644 0.041851
1 0.715250 0.542723 0.044466 0.052313
1 0.843709 0.498256 0.056324 0.081958
1 0.757740 0.479075 0.052372 0.057545
1 0.834816 0.623808 0.064229 0.071495
1 0.790349 0.692688 0.050395 0.045338
1 0.843215 0.046617 0.045455 0.064520
1 0.967227 0.153860 0.048419 0.055801
1 0.980896 0.222739 0.038208 0.064520
1 0.847661 0.384039 0.016798 0.034876