1 0.449440 0.094571 0.068182 0.111602
1 0.489954 0.131190 0.036561 0.066264
1 0.472661 0.023744 0.055336 0.047488
1 0.165349 0.112881 0.045455 0.061032
1 0.098155 0.289003 0.051383 0.085445
1 0.078393 0.427633 0.041502 0.031388
1 0.052701 0.622937 0.061265 0.080214
1 0.493412 0.533132 0.081028 0.088933
1 0.781456 0.509591 0.056324 0.062776
1 0.784420 0.616833 0.058300 0.088933
1 0.750823 0.703150 0.054348 0.059289
1 0.681653 0.714485 0.034585 0.047082
1 0.677207 0.537491 0.037549 0.055801
1 0.612978 0.475587 0.037549 0.040107
1 0.313076 0.317775 0.030632 0.038363
1 0.300231 0.378807 0.036561 0.031388
1 0.240448 0.349163 0.033597 0.027900
1 0.648551 0.161707 0.023715 0.040107
1 0.692523 0.077133 0.032609 0.045338
1 0.719697 0.157347 0.031621 0.048826
1 0.749835 0.259358 0.036561 0.057545
1 0.711792 0.374448 0.035573 0.036619
1 0.704381 0.465124 0.046443 0.064520
1 0.660408 0.499128 0.023715 0.027900
1 0.789855 0.040514 0.053360 0.080214
1 0.956357 0.224483 0.036561 0.050570
1 0.932148 0.161707 0.051383 0.057545