1 0.389657 0.033335 0.071146 0.066670
1 0.356555 0.136422 0.066206 0.139502
1 0.112484 0.112009 0.050395 0.055801
1 0.409420 0.568879 0.047431 0.097652
1 0.333827 0.473843 0.024704 0.029644
1 0.145586 0.691816 0.051383 0.054057
1 0.024539 0.593292 0.040514 0.055801
1 0.038373 0.438968 0.044466 0.054057
1 0.045290 0.314287 0.042490 0.062776
1 0.071476 0.357882 0.021739 0.024413
1 0.443511 0.184376 0.020751 0.036619
1 0.425725 0.139037 0.042490 0.054057
1 0.612484 0.178272 0.036561 0.045338
1 0.553195 0.190479 0.020751 0.031388
1 0.644598 0.091083 0.035573 0.055801
1 0.715744 0.066671 0.043478 0.062776
1 0.656950 0.179144 0.028656 0.043595
1 0.687582 0.273309 0.046443 0.061032
1 0.622859 0.349163 0.047431 0.052313
1 0.595685 0.295106 0.030632 0.038363
1 0.652009 0.397117 0.038538 0.050570
1 0.605072 0.438096 0.027668 0.052313
1 0.575428 0.497384 0.027668 0.048826
1 0.640646 0.474715 0.035573 0.048826
1 0.631258 0.551442 0.032609 0.048826
1 0.704875 0.521797 0.053360 0.073239
1 0.705863 0.641246 0.047431 0.074983
1 0.688076 0.713613 0.039526 0.062776
1 0.639657 0.725820 0.049407 0.059289
1 0.612484 0.685713 0.028656 0.052313
1 0.834321 0.234945 0.031621 0.033132
1 0.910902 0.241049 0.044466 0.055801
1 0.985343 0.114625 0.029314 0.033132
1 0.980402 0.324750 0.039196 0.069751
1 0.975461 0.438968 0.049078 0.061032
1 0.981390 0.555801 0.037220 0.061032
1 0.829381 0.578470 0.033597 0.047082