1 0.275527 0.147756 0.070158 0.092420
1 0.304677 0.047489 0.061265 0.080214
1 0.378294 0.112009 0.052372 0.069751
1 0.572464 0.196582 0.039526 0.054057
1 0.597661 0.109393 0.032609 0.054057
1 0.607049 0.193967 0.041502 0.052313
1 0.653491 0.094571 0.045455 0.083701
1 0.637681 0.296850 0.049407 0.062776
1 0.588274 0.364857 0.053360 0.066264
1 0.539855 0.324750 0.029644 0.027900
1 0.632246 0.542723 0.058300 0.094164
1 0.587780 0.580214 0.050395 0.054057
1 0.560112 0.509591 0.032609 0.034876
1 0.575428 0.443327 0.051383 0.041851
1 0.547266 0.417170 0.018775 0.031388
1 0.331357 0.585445 0.069170 0.085445
1 0.099638 0.699663 0.068182 0.052313
1 0.638669 0.731051 0.035573 0.045338
1 0.644104 0.663043 0.040514 0.055801
1 0.594203 0.704894 0.033597 0.034876
1 0.598650 0.749361 0.034585 0.054057
1 0.930171 0.459893 0.061265 0.054057
1 0.952899 0.360498 0.051383 0.074983
1 0.879776 0.256743 0.047431 0.052313
1 0.861495 0.191351 0.068182 0.064520
1 0.811594 0.249767 0.037549 0.045338
1 0.964756 0.118112 0.039526 0.064520
1 0.989295 0.197454 0.021410 0.062776
1 0.809618 0.587189 0.025692 0.036619
1 0.746377 0.663915 0.029644 0.033132