1 0.777096 0.187040 0.102111 0.047128
1 0.796733 0.269514 0.089020 0.038292
1 0.561092 0.255523 0.078547 0.030928
1 0.796733 0.413844 0.089020 0.047128
1 0.732586 0.320324 0.049746 0.022091
1 0.686767 0.337997 0.036655 0.016200
1 0.578110 0.187040 0.060219 0.032401
1 0.448508 0.427099 0.068074 0.032401
1 0.269159 0.407953 0.044510 0.023564
1 0.369961 0.370398 0.052365 0.022091
1 0.322833 0.329897 0.041892 0.020619
1 0.292723 0.365243 0.034037 0.026510
1 0.139557 0.425626 0.198985 0.085420
1 0.157885 0.524300 0.151857 0.085420
1 0.401380 0.659794 0.057601 0.038292
1 0.783641 0.463181 0.083783 0.033873
1 0.439344 0.535346 0.075929 0.039764
1 0.401380 0.513991 0.068074 0.029455