1 0.342470 0.269514 0.117820 0.050074
1 0.193231 0.225331 0.086402 0.053019
1 0.023959 0.322533 0.047918 0.047128
1 0.075410 0.350515 0.044510 0.032401
1 0.707713 0.254786 0.099493 0.029455
1 0.846479 0.225331 0.073310 0.041237
1 0.951208 0.264359 0.083783 0.030928
1 0.583347 0.337997 0.075929 0.025037
1 0.638330 0.361561 0.065456 0.030928
1 0.832079 0.494109 0.081165 0.042710
1 0.892298 0.389543 0.060219 0.033873
1 0.986077 0.451399 0.027846 0.022091
1 0.864807 0.623711 0.115202 0.033873
1 0.836006 0.660530 0.083783 0.042710
1 0.039669 0.909426 0.079338 0.083947
1 0.046610 0.631075 0.091638 0.036819
1 0.440653 0.517673 0.036655 0.042710
1 0.371270 0.315906 0.049746 0.016200
1 0.375198 0.405007 0.026182 0.029455