1 0.660585 0.234904 0.078547 0.051546
1 0.948590 0.246686 0.094256 0.045655
1 0.754841 0.284978 0.047128 0.045655
1 0.856952 0.269514 0.052365 0.017673
1 0.967749 0.305596 0.064501 0.051546
1 0.872661 0.474963 0.083783 0.030928
1 0.972986 0.494109 0.054028 0.025037
1 0.660585 0.533137 0.099493 0.053019
1 0.935499 0.692931 0.099493 0.048601
1 0.540146 0.617820 0.078547 0.051546
1 0.101593 0.586156 0.170185 0.038292
1 0.059306 0.553756 0.118611 0.055965
1 0.541455 0.270987 0.065456 0.023564
1 0.499564 0.384389 0.060219 0.029455
1 0.525746 0.360088 0.060219 0.013255
1 0.451126 0.371870 0.026182 0.016200
1 0.017414 0.659794 0.034828 0.047128
1 0.191922 0.617084 0.125675 0.047128
1 0.502182 0.500000 0.070692 0.022091
1 0.988695 0.409426 0.022610 0.032401
1 0.867425 0.365243 0.041892 0.014728