1 0.764005 0.234168 0.075929 0.058910
1 0.642257 0.256259 0.083783 0.044183
1 0.187994 0.273932 0.128293 0.050074
1 0.766623 0.515464 0.065456 0.038292
1 0.254759 0.527982 0.099493 0.060383
1 0.269159 0.582474 0.096874 0.069219
1 0.105520 0.626657 0.099493 0.057437
1 0.396144 0.599411 0.094256 0.053019
1 0.796733 0.642857 0.089020 0.039764
1 0.957276 0.460972 0.085447 0.044183
1 0.745677 0.449926 0.060219 0.022091
1 0.600365 0.487482 0.062838 0.029455
1 0.473381 0.426362 0.060219 0.030928
1 0.794114 0.318115 0.052365 0.020619
1 0.866116 0.269514 0.054983 0.023564
1 0.940735 0.262887 0.062838 0.019146
1 0.067556 0.237113 0.065456 0.029455
1 0.733895 0.409426 0.062838 0.026510