1 0.597747 0.258468 0.099493 0.045655
1 0.859570 0.262150 0.099493 0.044183
1 0.970368 0.248895 0.059264 0.035346
1 0.711640 0.293078 0.070692 0.035346
1 0.562401 0.340943 0.081165 0.042710
1 0.496945 0.270987 0.060219 0.026510
1 0.381743 0.361561 0.039273 0.030928
1 0.431490 0.354197 0.049746 0.033873
1 0.469454 0.388807 0.052365 0.023564
1 0.435417 0.405744 0.041892 0.016200
1 0.278323 0.375552 0.068074 0.020619
1 0.259996 0.350515 0.052365 0.020619
1 0.610838 0.540501 0.115202 0.047128
1 0.934190 0.530191 0.112584 0.050074
1 0.843861 0.485272 0.083783 0.030928
1 0.943353 0.505891 0.062838 0.036819
1 0.975604 0.418262 0.048792 0.044183
1 0.980841 0.480854 0.038318 0.022091
1 0.502182 0.629602 0.075929 0.039764
1 0.838624 0.717968 0.151857 0.042710
1 0.095047 0.634021 0.115202 0.063328
1 0.187994 0.567010 0.091638 0.035346
1 0.468145 0.519882 0.065456 0.029455