1 0.414471 0.275405 0.073310 0.029455
1 0.559783 0.306333 0.096874 0.032401
1 0.326760 0.305596 0.086402 0.042710
1 0.458981 0.351252 0.073310 0.027982
1 0.524437 0.394698 0.078547 0.032401
1 0.299269 0.371870 0.068074 0.027982
1 0.379125 0.424153 0.091638 0.041237
1 0.189303 0.301178 0.057601 0.033873
1 0.139557 0.268041 0.057601 0.032401
1 0.042287 0.306333 0.084574 0.067747
1 0.044905 0.371134 0.089810 0.061856
1 0.118611 0.589838 0.125675 0.051546
1 0.565019 0.537555 0.154476 0.038292
1 0.583347 0.600147 0.112584 0.036819
1 0.537528 0.638439 0.094256 0.027982
1 0.444581 0.648012 0.081165 0.032401
1 0.871352 0.352725 0.070692 0.027982
1 0.812442 0.306333 0.089020 0.035346
1 0.975604 0.408689 0.048792 0.030928
1 0.965131 0.469809 0.069738 0.038292
1 0.686767 0.428571 0.057601 0.029455