1 0.367343 0.173785 0.120439 0.050074
1 0.441963 0.206922 0.117820 0.057437
1 0.424944 0.268778 0.099493 0.051546
1 0.250832 0.248895 0.086402 0.041237
1 0.180140 0.435199 0.054983 0.030928
1 0.427562 0.414580 0.109966 0.057437
1 0.426253 0.476436 0.086402 0.039764
1 0.300578 0.583947 0.123057 0.057437
1 0.252141 0.513255 0.078547 0.039764
1 0.651421 0.505155 0.112584 0.035346
1 0.660585 0.265096 0.120439 0.064801
1 0.744368 0.243004 0.078547 0.038292
1 0.830770 0.240795 0.083783 0.036819
1 0.975604 0.209131 0.048792 0.032401
1 0.975604 0.463918 0.048792 0.029455
1 0.491709 0.370398 0.034037 0.027982
1 0.804587 0.539764 0.073310 0.025037