1 0.474690 0.359352 0.089020 0.044183
1 0.702476 0.287187 0.083783 0.047128
1 0.884443 0.262150 0.070692 0.032401
1 0.960372 0.328424 0.049746 0.035346
1 0.991313 0.376289 0.017373 0.025037
1 0.781023 0.501473 0.068074 0.033873
1 0.846479 0.524300 0.062838 0.026510
1 0.754841 0.553756 0.099493 0.038292
1 0.479927 0.557437 0.073310 0.036819
1 0.409235 0.527982 0.068074 0.025037
1 0.407926 0.639912 0.070692 0.027982
1 0.376507 0.673785 0.112584 0.039764
1 0.676294 0.734168 0.109966 0.042710
1 0.396144 0.401325 0.068074 0.027982
1 0.411853 0.418262 0.036655 0.020619
1 0.241668 0.370398 0.052365 0.045655
1 0.337233 0.371134 0.065456 0.020619
1 0.419708 0.293814 0.078547 0.030928
1 0.493018 0.262150 0.109966 0.044183
1 0.228577 0.305596 0.052365 0.016200