1 0.550619 0.595974 0.151857 0.061856
1 0.870043 0.486991 0.115202 0.038292
1 0.939426 0.237359 0.086402 0.039764
1 0.777096 0.350761 0.044510 0.016200
1 0.725099 0.288487 0.026182 0.020792
1 0.289241 0.238673 0.118590 0.056311
1 0.085943 0.314909 0.069306 0.030321
1 0.172960 0.344798 0.052365 0.025990
1 0.260748 0.342632 0.061605 0.026856
1 0.457885 0.333535 0.080087 0.031188
1 0.345455 0.331803 0.043124 0.038118
1 0.410141 0.403708 0.089328 0.034653
1 0.474057 0.482544 0.066226 0.031188
1 0.468666 0.518929 0.077007 0.027722
1 0.349306 0.461319 0.063146 0.026856