1 0.439344 0.259205 0.112584 0.050074
1 0.331997 0.298969 0.039273 0.023564
1 0.288796 0.326215 0.015709 0.019146
1 0.274396 0.345361 0.034037 0.025037
1 0.139557 0.290869 0.136148 0.069219
1 0.034828 0.290869 0.068074 0.066274
1 0.854334 0.223122 0.068074 0.039764
1 0.818988 0.308542 0.044510 0.030928
1 0.974295 0.254050 0.051410 0.033873
1 0.752223 0.313697 0.052365 0.017673
1 0.646184 0.349043 0.060219 0.029455
1 0.842552 0.482327 0.096874 0.030928
1 0.836006 0.391753 0.052365 0.026510
1 0.972986 0.441090 0.054028 0.027982
1 0.458981 0.379971 0.073310 0.032401
1 0.440653 0.410898 0.041892 0.023564
1 0.163121 0.615611 0.099493 0.055965
1 0.034432 0.460972 0.068864 0.053019
1 0.881825 0.614138 0.075929 0.035346
1 0.846479 0.648012 0.062838 0.029455
1 0.097665 0.905744 0.125675 0.064801
1 0.609529 0.569219 0.075929 0.042710
1 0.587274 0.422680 0.036655 0.017673