1 0.473381 0.407953 0.175421 0.085420
1 0.481236 0.500736 0.175421 0.067747
1 0.726040 0.259205 0.062838 0.038292
1 0.953826 0.198822 0.089020 0.035346
1 0.958586 0.270987 0.082828 0.047128
1 0.970368 0.329161 0.059264 0.045655
1 0.969536 0.407953 0.047128 0.047128
1 0.935499 0.457290 0.068074 0.051546
1 0.130393 0.364507 0.123057 0.063328
1 0.269159 0.553019 0.123057 0.060383
1 0.571565 0.832106 0.151857 0.067747
1 0.284869 0.245950 0.096874 0.047128
1 0.953349 0.775405 0.093302 0.045655
1 0.286178 0.354934 0.062838 0.032401
1 0.574183 0.418999 0.073310 0.030928
1 0.807206 0.320324 0.052365 0.025037