1 0.579420 0.190722 0.104729 0.033873
1 0.545383 0.225331 0.099493 0.038292
1 0.616075 0.278351 0.094256 0.041237
1 0.872661 0.276141 0.120439 0.051546
1 0.600365 0.420471 0.094256 0.036819
1 0.326760 0.432253 0.081165 0.039764
1 0.398762 0.257732 0.057601 0.029455
1 0.434108 0.301915 0.049746 0.023564
1 0.303196 0.262887 0.023564 0.019146
1 0.545383 0.577320 0.120439 0.044183
1 0.464217 0.578056 0.062838 0.033873
1 0.644875 0.815169 0.141384 0.081001
1 0.712949 0.452135 0.036655 0.041237
1 0.612147 0.460972 0.081165 0.023564
1 0.987863 0.388071 0.020946 0.022091
1 0.087192 0.368925 0.083783 0.042710
1 0.023046 0.355670 0.039273 0.033873