1 0.957276 0.461954 0.085447 0.058910
1 0.972986 0.378743 0.054028 0.051546
1 0.648803 0.353706 0.039273 0.016200
1 0.733895 0.358125 0.047128 0.019146
1 0.859570 0.328670 0.026182 0.019146
1 0.513903 0.347461 0.087274 0.037637
1 0.695725 0.508237 0.107638 0.036819
1 0.337900 0.500464 0.096002 0.027819
1 0.330627 0.535646 0.052365 0.022910
1 0.248444 0.633421 0.164367 0.064638
1 0.051857 0.247505 0.103714 0.054819
1 0.072441 0.344461 0.039273 0.032728
1 0.318263 0.341188 0.062547 0.032728
1 0.019856 0.431190 0.039712 0.032728