1 0.563710 0.264359 0.073310 0.045655
1 0.468145 0.293078 0.086402 0.041237
1 0.262614 0.282032 0.141384 0.054492
1 0.205013 0.315169 0.120439 0.038292
1 0.134321 0.264359 0.094256 0.042710
1 0.622620 0.331370 0.086402 0.029455
1 0.682840 0.388807 0.096874 0.044183
1 0.580729 0.438881 0.091638 0.035346
1 0.754841 0.526510 0.099493 0.042710
1 0.749604 0.583211 0.099493 0.032401
1 0.743059 0.292342 0.081165 0.051546
1 0.791496 0.416789 0.057601 0.023564
1 0.860879 0.324742 0.044510 0.027982
1 0.962513 0.298969 0.074974 0.035346
1 0.984768 0.341679 0.030464 0.029455
1 0.333306 0.573638 0.125675 0.054492