1 0.550619 0.254786 0.104729 0.055965
1 0.881825 0.216495 0.060219 0.035346
1 0.955135 0.246686 0.044510 0.022091
1 0.990004 0.249632 0.019991 0.030928
1 0.372579 0.279087 0.125675 0.063328
1 0.444581 0.349043 0.128293 0.035346
1 0.500873 0.321060 0.073310 0.026510
1 0.756150 0.304124 0.075929 0.033873
1 0.815060 0.304124 0.041892 0.022091
1 0.877898 0.474963 0.073310 0.030928
1 0.710331 0.537555 0.104729 0.064801
1 0.185376 0.501473 0.096874 0.048601
1 0.178830 0.444772 0.078547 0.044183
1 0.190613 0.280560 0.138766 0.048601
1 0.106829 0.183358 0.154476 0.063328
1 0.038360 0.266568 0.076720 0.053019
1 0.038360 0.444035 0.076720 0.045655
1 0.084574 0.380707 0.047128 0.027982
1 0.027887 0.516200 0.055774 0.036819
1 0.042287 0.682622 0.084574 0.066274
1 0.249523 0.874080 0.141384 0.081001
1 0.334615 0.577320 0.091638 0.044183