1 0.618693 0.295287 0.078547 0.033873
1 0.726040 0.257732 0.057601 0.035346
1 0.795423 0.325479 0.060219 0.029455
1 0.856952 0.382916 0.083783 0.032401
1 0.940735 0.291605 0.083783 0.032401
1 0.902771 0.412371 0.065456 0.014728
1 0.944185 0.510309 0.111629 0.042710
1 0.943353 0.570692 0.099493 0.033873
1 0.568947 0.553756 0.115202 0.050074
1 0.483854 0.276141 0.112584 0.051546
1 0.328070 0.262150 0.115202 0.044183
1 0.342470 0.367452 0.070692 0.025037
1 0.233813 0.371870 0.052365 0.022091
1 0.270469 0.398380 0.073310 0.036819
1 0.157885 0.379234 0.057601 0.033873
1 0.197158 0.418999 0.052365 0.033873
1 0.483854 0.738586 0.123057 0.060383