0 0.198678 0.365515 0.265180 0.080910
0 0.214787 0.433304 0.156134 0.124645
0 0.611318 0.715395 0.146221 0.299585
0 0.515283 0.794118 0.090458 0.172753
0 0.275506 0.897606 0.114002 0.204788
0 0.396324 0.823639 0.092937 0.179313
0 0.373399 0.938060 0.091698 0.123879
0 0.496696 0.386289 0.122677 0.126831
0 0.408096 0.505467 0.180917 0.168380
0 0.562990 0.410343 0.101611 0.183687
0 0.675754 0.386289 0.091698 0.113711
0 0.792235 0.343647 0.096654 0.185874
0 0.728418 0.891045 0.187113 0.217909
0 0.892400 0.770063 0.215200 0.334572
0 0.933292 0.522961 0.133416 0.273344
0 0.924618 0.273672 0.150764 0.461404
0 0.101198 0.106385 0.202396 0.126831