0 0.157166 0.320687 0.206939 0.135578
0 0.274886 0.434398 0.197026 0.091843
0 0.582817 0.244150 0.076828 0.188060
0 0.727798 0.210639 0.252788 0.421277
0 0.767451 0.525148 0.141264 0.207741
0 0.914911 0.519681 0.158612 0.310518
0 0.818876 0.691340 0.085502 0.177127
0 0.724081 0.852066 0.118959 0.236169
0 0.537588 0.655259 0.157373 0.131205
0 0.533251 0.475946 0.128872 0.104964
0 0.408096 0.440958 0.111524 0.096217
0 0.279223 0.596217 0.270136 0.118084
0 0.251342 0.787557 0.254027 0.220862
0 0.341801 0.907446 0.293680 0.185108
0 0.470054 0.825825 0.146221 0.148699
0 0.612557 0.808332 0.079306 0.218675
0 0.064643 0.703368 0.129285 0.113711
0 0.898596 0.899792 0.202808 0.200415